43
29
53
9
96
50
23
66
83
7
36
40
69
91
18
86
27
48
1
82
2
84
47
50
13
56
97
15
11
67
59
93
50
46
17
70
71
81
87
39
68
76
21
34
31
30
41
62
50
55
64
16
42
28
58
38
52
90
5
50
37
50
45
26
94
33
50
24
44
88
73
98
79
72
20
6
49
74
8
14
61
77
12
60
51
54
19
25
89
50
99
78
75
35
3
50
80
50
85
57
63
32
4
50
95
22
10
92
65
48
90
13
93
31
91
38
78
75
69
55
92
87
95
45
14
70
60
84
66
57
8
73
50
22
74
41
50
68
;
86
98
12
26
28
33
82
56
37
79
62
36
15
21
52
65
83
59
54
25
97
4
16
50
9
80
64
49
72
3
76
44
50
99
35
10
5
17
1
42
46
96
47
7
89
19
6
29
34
63
94
32
71
51
2
11
58
81
23
67
50
53
61
88
30
43
85
39
20
18
77
40
24
50
27
50
