952.2455226304296
283.3104030819931
-42.417139182685474
980.1740609608148
1023.0515764380432
896.8854632895392
65.03828334581205
873.7320945609351
644.4072090961852
14.560202595377334
529.3084923553971
649.5668480262666
1083.1291719372225
307.4139887470937
-14.973077382207904
430.7046628297632
726.2769145153554
318.7609448272491
602.1169334442826
686.488930139689
535.7960592220091
519.7268773086987
660.2786474197687
246.7750306319395
330.55287090483154
-27.413432998990302
879.3333542574877
667.4923855516633
-23.97563422568794
447.5542205720939
-7.653337521932826
1071.2501888390855
483.7281071903188
830.6055130461231
182.09947050737605
166.15903990022952
239.9581935611015
429.4953860780409
-44.13399279525612
224.60933004432462
99.2716053871297
904.0906465575351
252.44490271594594
-61.26890775526099
741.6787333445723
621.0887211635385
384.17720556509727
953.441857665908
1067.512629575254
406.9561935569557
974.1436758692087
56.639839365391296
625.9765184106977
940.4587564272724
793.3187400756749
476.0542109553052
997.7906743069302
105.7571080393884
477.4212933086689
145.64783337695502
218.54420421346606
425.79061968694015
153.18467433500444
-45.85493924850459
-30.606015317995556
724.1073754916275
267.98396085830063
680.9161392518187
1052.2682824006517
99.0601356533811
250.60180062826112
-20.81720802020081
1017.1164048168043
649.0838134280276
25.072630088484956
371.83133287121495
619.6457760656741
221.21937167699213
591.8674555029653
-53.03488876444817
943.0025030761424
318.87180478850786
900.5857032126546
555.2892818130126
254.21558059403048
225.92911451950897
63.25611434715914
1083.0925770171843
861.3578301980293
592.1474240893747
986.192216892719
417.4587240694097
31.936580821370242
95.10812975460838
602.4092434948865
-94.79049714876308
198.37125193600286
490.79967963289386
269.45337693897466
521.0160138805198
729.7118029720309
1037.4440370456412
464.60724922377113
943.9827104366602
552.4608018391574
204.81115431669826
816.1937985202685
880.2743953024772
927.4799990238819
832.12263417998
245.12636529321117
826.2908304450779
397.9007660955751
717.2178907270173
125.43651452769019
768.9196178272625
538.8120518588039
271.37530681592074
591.0191495057659
385.2564453405584
794.4204288819453
1011.8234334503877
991.2533166343508
126.63124099269827
436.8201707720471
725.524400529004
1018.2421347635136
365.3620836027345
548.1871967111983
-35.37191512341025
-83.95933121350825
584.7125616062215
296.34015370981405
38.26206583343064
793.7075461513733
683.88830814368
616.1847124472492
356.74582750014736
-50.13092077737379
1101.5026327735486
388.8914505683606
657.4232017490045
161.1035505175621
-42.436319264557284
1087.6107086146476
825.891226504368
638.2758759757775
967.7940998845133
1082.712557823886
202.27046292782
891.9194020860169
318.87420686313914
876.5738977374779
-76.61830941554132
142.78919714057184
402.05144084962575
441.74033206647385
-96.52251787561642
3.1787305696527
-82.37492452676206
765.8528571092118
421.7041800634723
450.7938907637002
-37.68086791752225
564.7213554047034
418.89736848784145
566.6288778352066
-84.34307226271079
-67.38205423913539
1090.5766213532004
80.65391457561294
39.56605284731849
-46.22729838594749
747.3235277112814
1081.8002153518416
781.2718811147066
673.6222451099171
917.4455755827719
570.0716974255425
550.7114896952745
210.14024817162823
259.9178622389245
280.5545152166683
235.95396508988495
862.9735728178366
289.18419986124854
-104.38300557715479
934.5121406103035
-83.97281538702555
900.8340627747338
352.03499308067666
-29.480037197289136
865.050189568075
439.17131357288514
888.8309587026057
1011.4827808090743
-5.527342461764363
246.61910893534446
494.53085527482034
19.050381899718715
767.4155154376795
-72.66865454999828
696.7132848783928
1042.9265569086122
977.1015457339802
627.1254989894567
485.7291492419827
566.438713609922
672.7294991650733
462.83953540234023
740.0656241687602
781.3549543149937
918.1277637713065
1022.4466870588203
224.25295068876557
247.80798495968713
427.2165152320445
275.60886301202896
333.2162840654095
961.6192564196408
917.4769707659193
947.8680565045131
191.4876629993584
740.9000160344361
687.505890547592
-75.38871874635586
309.96343077416935
-120.50139983589737
216.45629792308904
1028.4524825032809
622.0799652435012
608.6497205502151
393.11949477244667
877.5748080292022
490.9325873725306
171.70710447626806
673.1167905277224
796.5579861262405
717.2588947176059
675.5120258174048
41.10303407938052
1027.0402527650465
901.4875236630598
164.01738267070942
525.2514210446741
749.4922400860481
502.7076550398893
163.54415724747457
552.7164433179182
561.4283590593121
945.4429908460988
658.5205626950514
679.4176640281619
1096.3295640437502
500.90341713867525
120.34623220263377
230.84075920716953
509.68420151666163
1031.7813732791487
379.541189366046
630.8826857441344
359.872820875527
337.636231006995
-53.54353652632348
773.7490710741242
768.3708455692505
207.64569498022763
773.2540356500317
860.5181827255477
1034.926885989592
-0.363077010088233
791.5290510613136
238.9312160835114
382.6420213004125
76.97634661796017
917.4140332943296
538.6313080302227
301.2825125595947
980.3817199031396
522.6091824481836
509.5856416167571
175.91759620295375
162.15482198731485
596.4227555252428
218.9126963551219
553.9433288985903
760.0963953967287
910.4793610077902
80.58666076222072
949.8049065833227
924.6036192856654
204.8933957904673
756.9335430310788
-106.97811214469428
937.4618651561277
976.0101121471785
510.033739706679
444.77638371593383
870.3286471606477
144.32571807081575
309.01468318763193
237.22586288500355
101.72081368093389
691.7950302179953
432.5849561994199
744.743388662915
117.08171339956026
705.9747171721402
918.8476660713347
371.838369016609
1049.7107373720205
872.4680181082582
520.8178121233004
352.55073504697793
666.7870649160806
1060.5910698882794
769.697021848697
1068.9742914547817
770.4259552762102
848.1957508348344
-102.80072795921254
94.8190920359808
108.44504227922103
-90.91965503647683
-56.76739757555845
154.441362296122
454.7688222715752
-65.04958933623973
687.6419080168971
364.88588269899884
1027.8209101717637
85.55357804336616
72.55531678479174
619.0448642787234
35.6285450004177
64.4466190974593
149.47578467880282
12.455167075672236
508.22394026153137
607.5288122178349
869.2484093400436
-67.6144146742779
996.4062072698459
674.4353664873316
367.6813120779425
435.8166242711092
807.9041066835226
894.4693728779054
115.02628835231504
569.892135601173
756.4324124416689
132.60051925072992
986.2459322669283
1017.1461659508252
407.21397820622275
509.167999495257
803.1892071341867
282.4186506919583
80.38256320122703
1005.4530202818255
-21.659106183564063
84.95894096185428
182.18195544004573
755.8403106759625
478.09922633408115
455.31573333699174
840.0885387911277
18.072119293532708
52.25269062389499
63.570665594144444
28.83814310320976
855.8414784961682
698.5170142287078
1093.1273062218431
799.4114160089365
105.46417788637102
798.8689620174449
16.239270160459384
-113.75635651516062
412.33574169588866
954.6874218891842
300.33317153078883
238.38814660594358
898.0345740503865
900.7308983932667
865.5854135619229
163.89397553186865
526.9885638713212
214.44631926822393
125.96977032400572
206.6042062796338
470.3667039616591
587.1706680953462
215.7749668124386
265.6860305500786
663.2841953390321
421.2353903737513
800.9603651098171
165.91348983568355
146.342415486317
515.2690883146162
46.14872951789202
362.1118530656445
-7.947249665255484
1004.4974709309313
849.5501981163593
463.5137341078345
829.192447443622
409.5262677431619
270.8182327997127
250.17193177130218
-85.46773827285892
202.14079591399968
209.33506516757956
1107.3237763392233
40.1329061407276
-110.94888691390288
645.4168453017519
532.8794551939659
118.40069698288927
123.4037304524387
426.0095440348527
794.0376274264786
550.8067477197608
572.0988743803109
-0.005856884477964286
842.8340790539044
37.86311177816721
606.7051604890013
470.1171755725796
84.38709270073069
666.4215214621
663.2551732235471
1095.6140552143706
-99.60174127713476
885.0000847152361
1073.2882696339782
3.3978928060935516
222.71346607147547
471.58708821161434
737.1144867566674
742.8138564383819
815.340450878636
-58.95093197227629
510.5748135673454
333.398818217313
698.5190819531784
286.2528841165371
104.81394717628943
584.411199633666
359.9811171764167
405.0021806738633
907.0448045462622
560.5890788916793
380.5292369246353
397.89807566515566
-68.4409219552757
289.5929372753247
856.6532829114141
474.21935117160666
787.5236385999189
483.5063904847081
43.36898748054959
73.2819471979919
1005.1648980116215
769.8176094728962
72.40895852017665
284.69736728120233
1035.4132054697152
1069.6173914597564
363.67297158457546
901.0660074976872
753.4456407100517
396.5434486160171
1098.8184558334156
83.10145092040658
410.81346989085904
-76.08982505800637
833.5623207836791
827.9586883718614
1023.9634603464074
760.5705686787387
337.1284691323762
498.5887710392987
105.26769953793927
220.7110196396162
1073.856358775748
1003.1699847438729
43.45941564791788
87.76368723598704
1086.9912980241597
688.2210019285674
621.3528833013414
1072.6723862447272
1084.7354495323566
592.3409831936884
443.22475587554544
476.21718548509347
-121.8692349559989
73.81101206858993
759.762669513922
385.82199540467644
347.7244368175474
324.60425641644656
326.82770357634234
-46.51691805656249
326.9754998222053
359.54048584560127
360.00371462280015
749.3211087162622
284.7949293499265
510.806994460329
241.71224757767806
1048.6438578922694
-35.80245442612839
85.45633817867188
432.1744801058249
-23.583857169883075
578.9925193896343
1077.3813138764983
1010.0171665526825
-47.944384388095514
107.57747352689994
750.415843468446
218.45405030527218
383.3341343876266
-107.02942001058477
27.539937948487406
198.8224558114486
603.6902368946957
543.9372712614085
120.9562860726946
1061.875504656901
928.2880823709886
147.20574778931388
1092.88361897198
276.3066440915096
509.89588707006186
405.06726610943764
213.17546002671088
394.5822923636909
205.06282363820458
63.03456664784629
-31.22391864044677
547.9437510281587
-86.62391035761019
717.2083142067464
288.0068219994953
233.7719666226311
1072.8170472499162
372.86256366136377
841.0578494289203
1093.8062627307306
202.42045708628683
954.0355132089669
919.217500897465
880.0313199046941
822.0747443471907
687.8171433763074
64.97333362911779
494.4593633707619
758.516321064436
622.446084515542
58.75428865427095
213.19194883919442
618.9258749407123
647.9434855774306
268.7569309142848
486.73392255808545
404.2877980628271
925.9265437620422
499.4607529011119
707.8271816824946
38.06012236471521
190.2558584675893
763.6133333965344
1007.8383354670825
1033.48082368733
381.8065986704985
471.5436209958245
429.5184454390225
499.4073525409536
238.31558880750123
505.62349504142315
126.59207891466387
551.2998463809264
485.19825513512245
952.7352824327472
332.54168170068095
1016.1630149295806
449.4735342370312
199.6121134562287
112.4564717432843
55.22567278530734
402.75738890131794
955.6638114901843
-12.058023290423762
361.2532000172239
715.7444803522385
1073.3146864601802
441.16559232378467
11.265762085385362
915.9999506874799
483.7360336743614
491.2368273144438
-85.69353572540919
705.5406730361082
696.3508596154261
506.6463146785159
745.9263804682886
1100.1433203752235
422.8196846513753
353.0368678029722
-96.32659904664385
474.2867062070232
989.0338817322429
-79.13623320213313
116.36631705494146
-93.89908459895564
541.7084729314007
543.1685868867487
520.0040036918881
965.0760646372885
544.5705666247268
988.3970787238488
771.4750007868018
-77.26232866671602
688.9081938660793
718.2899916564845
706.9738612982221
692.8684238744079
739.696377736492
495.31259961031236
89.17411874257361
253.8232072422698
-55.83669040004672
-72.29230302585155
539.7051980830821
867.3888289048193
732.3664923077944
435.8499604300659
322.3537032676797
958.9387744168016
963.8579047212727
860.4941720061729
360.2753283830022
-5.142468297684246
487.21672254975834
624.3642687006759
783.447666499141
781.8279094956001
753.0371581980947
100.0516288532874
912.7029671416915
369.6898668001183
561.6816127650767
293.77584069931385
948.4767831981585
-60.381716182369225
286.5909425984242
362.14844540905386
856.9941638107049
26.590006018655643
-28.573456585674677
1039.899229277671
778.2558605636144
548.9389830498855
249.86301163131043
754.8728569889869
49.92321526027534
240.77239948976296
1048.0166825366175
880.0703069635592
1046.5146630203533
638.3659055654309
956.923875860042
381.7460689599844
667.3329962399412
-92.62354163921412
481.26357694793313
954.2350596026827
1011.7613487109829
-35.078697921937604
559.2347828327413
38.244306973110824
496.7871489224838
-115.81869008029106
670.1176171164213
519.70255297944
-86.4175845223339
998.596878153425
664.4055833122017
340.959243269554
640.695556485564
380.45862401372034
118.88040297073034
189.75148480042088
59.738118776866926
1021.1220641885379
250.07755609565038
-52.335246755907335
942.5491134649615
332.62663236290825
-8.096581680394976
552.4647993668883
93.10020363990365
709.0006024821311
397.9549694741558
855.8639094200557
146.55134065554938
71.33634317127918
765.5289718180453
176.72184878522472
1032.4855939639813
-1.657112791297834
-25.326052955015058
-96.63542636819068
1098.965058508049
110.49360007595273
697.8138208772651
-73.88640328257307
46.30008502561434
1010.2608622549972
452.5675257385827
1053.3907548202578
1020.7143900707797
1096.3819719015146
771.2105067182854
838.5925856324302
306.63093799217444
197.74378591723473
699.3431518176901
284.2614554037236
615.4926658874085
630.7140144167092
996.9816727211557
940.8967101790843
659.2469990648278
608.7143782658782
941.1130117020991
594.4860721645124
858.502924710443
1062.9133634584562
1039.7747632972018
606.5180120222606
231.18292327477263
603.2888087815095
311.8159947730664
233.81881617814201
-51.99084215979467
813.1405218698744
-51.614433999693205
1010.4000259858879
604.4202030418888
770.6405299864493
343.09915196134983
742.2260405945032
673.2396702891912
484.3481158588558
285.6607394967851
797.6246208997885
1005.6191363986547
-97.0996713789348
519.2430067232946
119.9363982304228
400.0041752644
1050.6661880666886
94.12535729544676
15.515475131337965
544.6209673156303
663.5342820898487
832.5750530386912
791.3876087475086
-64.21483056288048
865.7745483183071
-39.92474698949174
-23.88080634968766
-69.54600173357437
143.0675593844578
299.62605693186526
864.1968272072862
933.524036230905
925.2620497023524
321.3482368663345
1058.036635365615
680.5436705030377
-118.37343055820133
911.8714558462502
-20.91355091196249
93.09317277282717
109.1929253965633
481.43096100574684
379.09520455511625
138.68070450228407
711.5703234158387
767.3103638631856
85.45214431295211
1095.2687234177163
887.9048863209578
282.1660305025858
419.61967349523906
114.44034723909876
1040.2280297918498
946.9025729105401
317.18581974889497
615.9219649251464
1086.0845155923405
667.3032396440046
961.6034143462828
550.0298451676626
-48.051709366920505
281.0540455141985
820.0290247457151
410.7957464914909
350.39755651947036
962.9436253996664
187.11472253899012
526.7069518962317
533.1959574834716
324.71196318337945
591.2381546935234
-19.91054050314301
-14.953989516106631
719.6680308500614
542.4296298236336
-60.58702667324615
957.1639942837705
-0.40236865043019066
-5.4883281714389796
95.12450585077299
783.0889873034071
606.7829062232835
226.74424532593997
878.0329993673697
531.115949727921
307.6578404883846
1075.5188395869643
858.6044661688218
784.9508902824501
962.3717966664494
755.5142411619853
836.9223768868316
121.2333699082373
904.0292489167964
797.1843951279197
585.2708183934618
1035.7519573335585
144.00889600002967
14.382662365175335
597.355639238964
420.5980697254152
698.6128067626579
961.7325550392181
1047.5629858769612
484.89622953354996
529.4772002668727
414.42386035612896
623.6166725767368
429.508655864907
406.4606103363997
291.1060156204774
530.8448349943596
-34.161634081044284
280.87306184009384
295.7349646361402
-46.7779217294742
903.1626836907362
319.70739384208935
237.74016742624576
589.4866648590479
418.70203501261295
720.4574087008796
666.2877603047183
961.239679781195
-35.573994990901426
949.1974183134037
533.2359277654413
790.9974189712207
414.1108941004673
839.5665001095032
1053.4395707951255
911.2995919945727
1011.8346523166495
348.41461026636944
694.6993810718399
-109.37996431554765
878.1447260598017
299.44010707522347
188.8065719337194
-99.24878105314001
322.2971526546276
363.4665078763431
307.0389634556434
1095.7007467412625
360.417394640462
562.9070323774896
444.9574682346077
719.3377362807964
975.9503082068202
660.6795328828737
492.2118816624738
94.167516156925
764.5411155026073
1085.3678664102654
918.5715687846473
682.0578438668092
710.5219016099164
945.3376197028524
917.7652556333469
266.5732515204372
813.0594056286873
21.980676659917165
988.3048740987415
209.69803039557206
-90.39596571819604
1094.541320259536
841.4618345849141
513.0042396611414
1006.9453397861464
334.4572661796444
71.01636935866192
1106.703744593656
900.6902901424847
412.32111795414636
1030.9304993412009
31.411649246706205
64.5831537176321
475.5181633959075
818.2308954139794
417.2946534941961
1011.8280950459223
106.70848196472583
419.41036881418796
150.44716488440986
320.57563012307054
538.54453706566
-39.47454084823072
201.36862787799407
636.0448844582444
765.6550665339521
546.962393011044
792.8109926679089
808.5671379949985
453.60268346860863
692.0020653644187
1077.6842552040662
209.72654145331654
912.2999475795953
500.61433552423154
888.1357696740911
965.2052817531369
798.5554011343729
1072.1471476309393
244.76766551199898
414.22587262008466
1061.0712647133414
239.28391900649376
175.48786355945072
269.06227620120836
-80.0317808109979
1012.4490280600537
673.5889883992792
0.2421447780753283
-72.98376323170353
-36.996740554813286
609.7183924841031
1003.8150034421017
139.43284095376305
948.3913538579957
156.6492701640413
-73.01868539870742
853.3371700261918
856.7850975794578
91.65127661425127
695.8799127719658
1084.9914861165416
456.9954719687552
657.9216930548007
448.431821447313
-94.72621687673113
19.403251499405812
879.9233298289118
690.3608702686873
98.63594533013794
127.4468481165586
630.8412583240669
472.31355906850837
746.7685821832808
286.58719935213117
-54.70549764364337
788.6648946155124
677.6674568474367
368.75603112026096
112.46477298311386
361.67398866382445
840.867850015973
555.6561035426223
276.992671822827
525.9354112271868
788.2565738402213
